kinematics:
  shoulder:
    x: 0
    y: 0
    z: 0.16274431685348251
    roll: -0
    pitch: 0
    yaw: -4.4232476060362957e-08
  upper_arm:
    x: 8.7977021193494742e-05
    y: 0
    z: 0
    roll: 1.5701943603709836
    pitch: 0
    yaw: -2.0601099666173184e-06
  forearm:
    x: -0.4252560202978054
    y: 0
    z: 0
    roll: 3.1411005361037652
    pitch: 3.1401887090991396
    yaw: 3.1415902348063929
  wrist_1:
    x: -0.39232907881619999
    y: -0.00022445415457502614
    z: 0.1336233049040117
    roll: 0.0016797514747313436
    pitch: 0.00021360805321155461
    yaw: 4.9767956978073845e-06
  wrist_2:
    x: 2.1265328598386498e-05
    y: -0.099659497172144187
    z: 8.4392582050868591e-05
    roll: 1.5699495177674252
    pitch: 0
    yaw: 9.2427014536378128e-07
  wrist_3:
    x: 3.6523413120161197e-05
    y: 0.099576931269917845
    z: 9.1027351720281878e-06
    roll: 1.570887740890818
    pitch: 3.1415926535897931
    yaw: -3.1415925762694927
  hash: calib_17107847223675855653
